Country IQ Income Expenditure Temperature Length Body Percentage Volume BMI M_Height M_Weight M_BMI F_Height F_Weight F_BMI Stability Rights Health Security Climate Costs Popularity Total code2 code3
1 Singapore 108 25407 905 31.5 11.53 172 6.7 126 23.2 1.72 71.9 24.3 1.6 59.4 23.2 92 89 71 100 41 49 91 75 SG SGP
2 South_Korea 106 13710 520 18.2 9.66 174 5.55 146 23.1 1.74 73.9 24.4 1.62 60.6 23.1 75 77 90 100 53 43 70 73 KR KOR
3 Japan 105 36785 1242 19.8 10.92 171 6.39 179 21.9 1.71 69 23.6 1.58 54.7 21.9 90 98 91 99 52 26 72 76 JP JPN
4 Switzerland 102 49994 2465 12.7 14.35 178 8.06 359 23.8 1.78 84.9 26.8 1.64 64 23.8 97 100 94 100 25 47 67 77 CH CHE
5 Netherlands 102 33383 1681 14.3 15.87 183 8.67 801 25.3 1.83 87.4 26.1 1.69 72.3 25.3 86 100 90 100 20 40 82 74 NL NLD
6 Finland 101 31424 1985 8 13.77 180 7.65 614 25.7 1.8 86.2 26.6 1.66 70.8 25.7 87 100 92 98 15 43 53 72 FI FIN
7 Canada 101 27545 1654 7.4 13.92 178 7.82 1194 26.7 1.78 86.8 27.4 1.64 71.8 26.7 89 100 76 95 31 40 85 73 CA CAN
8 Belgium 100 30760 1683 14.5 14.77 181 8.16 268 25.7 1.81 87.8 26.8 1.65 70 25.7 69 97 93 91 20 27 65 67 BE BEL
9 Germany 100 30918 1386 13.5 14.52 180 8.07 620 26 1.8 88.8 27.4 1.66 71.6 26 81 100 97 93 21 45 87 75 DE DEU
10 United_Kingdom 100 30889 1441 12.8 13.97 178 7.85 879 27.1 1.78 86.8 27.4 1.64 72.9 27.1 68 100 77 84 7 36 73 64 GB GBR
11 Austria 100 32004 1762 13 14.53 178 8.16 389 24.7 1.78 84.3 26.6 1.65 67.2 24.7 84 100 98 100 26 36 96 76 AT AUT
12 New_Zealand 100 18703 1283 17.5 13.99 178 7.86 640 28 1.78 89.3 28.2 1.65 76.2 28 92 100 77 99 40 27 40 70 NZ NZL
13 Norway 99 48271 3527 9 14.34 180 7.97 638 26.2 1.8 88.8 27.4 1.66 72.2 26.2 94 100 87 100 15 44 62 73 NO NOR
14 Sweden 99 36415 2334 9.4 15.08 180 8.38 599 25.4 1.8 86.8 26.8 1.66 70 25.4 86 100 84 97 18 39 76 72 SE SWE
15 Denmark 99 39129 3127 12 14.88 181 8.22 574 24.6 1.81 86.2 26.3 1.68 69.4 24.6 87 100 85 99 14 37 68 71 DK DNK
16 Australia 99 25647 1385 24.4 13.31 179 7.44 652 26.8 1.79 88.8 27.7 1.65 73 26.8 85 100 88 97 90 25 66 79 AU AUS
17 France 98 29584 1601 16.5 15.74 179 8.8 154 24.4 1.79 83.3 26 1.65 66.4 24.4 66 94 96 71 40 29 73 67 FR FRA
18 Hungary 98 7404 391 16.1 14.99 177 8.47 388 26.6 1.77 88.3 28.2 1.64 71.5 26.6 78 60 81 96 40 59 59 69 HU HUN
19 Italy 97 25872 1170 18.2 15.35 177 8.67 189 24.9 1.77 83.6 26.7 1.64 67 24.9 60 67 87 99 55 32 94 69 IT ITA
20 Latvia 97 6954 333 10.7 14.69 181 8.12 376 26.4 1.81 88.8 27.1 1.69 75.4 26.4 70 78 77 93 19 64 8 63 LV LVA
21 Spain 97 19834 885 21 13.85 176 7.87 489 25.1 1.76 84.3 27.2 1.63 66.7 25.1 55 78 86 97 74 37 87 73 ES ESP
22 Poland 97 6112 298 13.1 14.29 177 8.07 968 26.1 1.77 85.8 27.4 1.64 70.2 26.1 76 74 80 100 25 67 69 71 PL POL
23 Russia 96 4103 157 8.6 13.21 176 7.51 359 26.7 1.76 80.2 25.9 1.65 72.7 26.7 50 17 76 46 27 64 87 50 RU RUS
24 Croatia 95 8679 346 18.3 14.77 180 8.21 374 26.9 1.8 90.7 28 1.66 74.1 26.9 77 60 85 99 58 73 51 74 HR HRV
25 Ukraine 95 1460 83 14 13.97 178 7.85 389 26.4 1.78 85.5 27 1.66 72.7 26.4 14 28 71 31 31 68 56 42 UA UKR
26 Ireland 94 28455 1633 13.2 12.78 178 7.18 992 27.1 1.78 88.7 28 1.65 73.8 27.1 86 99 79 98 4 37 60 68 IE IRL
27 Vietnam 94 484 26 29.2 11.47 164 6.99 121 21.7 1.64 58.4 21.7 1.53 50.8 21.7 71 26 48 98 53 49 58 57 VN VNM
28 Belarus 93 2992 139 11.6 14.63 178 8.22 360 26.9 1.78 84 26.5 1.66 74.1 26.9 59 22 81 92 21 63 48 56 BY BLR
29 Malaysia 93 4563 274 31.9 11.49 168 6.84 113 26.1 1.68 71.1 25.2 1.56 63.5 26.1 68 53 50 92 41 49 81 61 MY MYS
30 Greece 92 16859 541 22.5 13.87 177 7.84 385 26.9 1.77 86.5 27.6 1.64 72.4 26.9 47 56 91 94 71 44 89 69 GR GRC
31 Bulgaria 91 2765 111 17.8 15.02 178 8.44 473 25.9 1.78 86.2 27.2 1.65 70.5 25.9 72 53 83 99 48 73 47 70 BG BGR
32 Argentina 90 6340 277 23.8 14.88 174 8.55 315 27.6 1.74 84.5 27.9 1.59 69.8 27.6 45 43 80 86 77 43 36 60 AR ARG
33 Romania 90 3392 117 15.1 12.73 175 7.27 370 26.8 1.75 83 27.1 1.63 71.2 26.8 67 59 76 98 34 64 48 66 RO ROU
34 Turkey 89 4924 140 19.8 13.19 174 7.58 668 28.8 1.74 82.4 27.2 1.6 73.7 28.8 17 36 55 36 61 64 67 47 TR TUR
35 Thailand 89 2606 108 32.7 10.16 168 6.05 122 25 1.68 67.2 23.8 1.56 60.8 25 58 35 44 52 43 56 70 49 TH THA
36 Serbia 89 3393 157 18.1 14.87 181 8.22 266 25.7 1.81 87.5 26.7 1.67 71.7 25.7 54 43 72 98 49 72 38 63 RS SRB
37 Chile 89 5640 211 17.5 14.59 171 8.53 274 28.2 1.71 81.3 27.8 1.59 71.3 28.2 72 89 57 91 44 49 38 65 CL CHL
38 Cambodia 88 428 7 33.4 10.04 163 6.16 179 22.2 1.63 58.5 22 1.53 52 22.2 67 9 20 97 45 62 42 49 KH KHM
39 Costa_Rica 86 4013 217 28.9 15.01 169 8.88 299 28 1.69 76.5 26.8 1.56 68.1 28 73 71 55 71 46 40 32 57 CR CRI
40 Philippines 86 1307 36 31.3 10.85 163 6.66 111 23.5 1.63 60.6 22.8 1.49 52.2 23.5 42 37 29 19 47 47 38 37 PH PHL
41 Mexico 86 6108 277 29.2 14.9 168 8.87 299 28.5 1.68 77.6 27.5 1.56 69.4 28.5 48 32 57 47 83 45 59 52 MX MEX
42 Venezuela 85 4704 237 31.6 17.03 171 9.96 752 26.9 1.71 78.1 26.7 1.57 66.3 26.9 13 2 47 36 58 45 21 32 VE VEN
43 Bolivia 85 1031 68 25.3 16.51 167 9.89 354 27.7 1.67 70.6 25.3 1.53 64.8 27.7 56 22 25 85 86 55 28 52 BO BOL
44 Indonesia 84 1080 27 31.7 11.67 163 7.16 127 23.7 1.63 59.5 22.4 1.52 54.8 23.7 53 40 22 76 36 52 49 47 ID IDN
45 Ecuador 83 2352 69 24.5 17.61 167 10.54 353 27.9 1.67 74.2 26.6 1.54 66.2 27.9 66 23 52 86 57 46 15 51 EC ECU
46 Brazil 83 4460 228 30.6 16.1 173 9.31 357 26.8 1.73 78.7 26.3 1.6 68.6 26.8 42 41 54 54 61 41 51 49 BR BRA
47 Colombia 82 2685 124 28.4 17.03 169 10.08 781 26.7 1.69 73.7 25.8 1.56 65 26.7 40 42 48 0 61 55 29 40 CO COL
48 India 81 568 22 29.9 12.26 165 7.43 329 21.9 1.65 59.1 21.7 1.52 50.6 21.9 48 45 24 39 67 44 66 45 IN IND
49 Sri_Lanka 79 1025 30 28.9 10.89 165 6.6 126 23.7 1.65 61.3 22.5 1.54 56.2 23.7 50 40 53 92 57 58 24 56 LK LKA
50 Bangladesh 77 451 9 30.7 11.2 164 6.83 116 21.8 1.64 57.3 21.3 1.51 49.7 21.8 32 19 31 63 45 60 15 40 BD BGD
51 Ivory_Coast 71 796 39 32 15.22 168 9.06 187 24.2 1.68 66 23.4 1.59 61.2 24.2 41 30 0 69 47 40 10 36 CI CIV
52 Sudan 70 545 14 36.5 16.47 168 9.8 187 26 1.68 65.5 23.2 1.57 64.1 26 13 0 30 30 45 41 15 26 SS SSD
53 Nigeria 70 508 NA 33 15.5 167 9.28 165 24 1.67 63 22.6 1.58 59.9 24 19 17 2 22 54 55 31 28 NG NGA
